12
XP_052069431.1     0.0000000 0.4264570 0.7318188 2.5532351 2.5532351 2.6069800 3.4400847 3.1738276 3.4679707 3.3122430 3.4175459 3.3187133 
Bpl_scaf_38266-2.5 0.4264570 0.0000000 0.7038633 2.4975046 2.4975046 2.6143444 3.3844731 3.0028961 3.5047635 3.7731220 3.4079140 3.4599673 
Bpl_scaf_38266-1.1 0.7318188 0.7038633 0.0000000 2.5542165 2.5542165 2.5954965 3.2272582 3.1063381 3.7589620 3.5910675 3.3990640 3.6788047 
XP_069134776.1     2.5532351 2.4975046 2.5542165 0.0000000 0.0000010 3.3109372 3.8051917 3.8123813 3.9035969 3.6348659 3.6278352 4.3350021 
XP_069134775.1     2.5532351 2.4975046 2.5542165 0.0000010 0.0000000 3.3109372 3.8051917 3.8123813 3.9035969 3.6348659 3.6278352 4.3350021 
XP_062568460.1     2.6069800 2.6143444 2.5954965 3.3109372 3.3109372 0.0000000 4.1707703 4.6188245 3.8140714 3.5678929 3.8571556 4.2435446 
XP_060072051.1     3.4400847 3.3844731 3.2272582 3.8051917 3.8051917 4.1707703 0.0000000 3.5129112 2.9926144 3.5950714 3.5688865 2.0894412 
XP_056022124.1     3.1738276 3.0028961 3.1063381 3.8123813 3.8123813 4.6188245 3.5129112 0.0000000 3.1392986 3.7925649 4.2534596 3.6832122 
XP_048755536.2     3.4679707 3.5047635 3.7589620 3.9035969 3.9035969 3.8140714 2.9926144 3.1392986 0.0000000 4.2888732 4.2870886 3.2324994 
XP_052701448.1     3.3122430 3.7731220 3.5910675 3.6348659 3.6348659 3.5678929 3.5950714 3.7925649 4.2888732 0.0000000 4.1298183 3.3347915 
XP_052700036.1     3.4175459 3.4079140 3.3990640 3.6278352 3.6278352 3.8571556 3.5688865 4.2534596 4.2870886 4.1298183 0.0000000 4.2649246 
XP_021360283.1     3.3187133 3.4599673 3.6788047 4.3350021 4.3350021 4.2435446 2.0894412 3.6832122 3.2324994 3.3347915 4.2649246 0.0000000 
