14
Bpl_Bpl_scaf_38266-2_5                 0.0000000 0.7962628 0.4343593 0.5547515 0.7383283 2.6525623 2.6525623 2.7293345 3.0486829 2.7055265 3.5428235 3.7972487 3.5081008 3.7530323 
Bpl_Bpl_scaf_38266-1_1                 0.7962628 0.0000000 0.9213282 0.7744952 0.3954489 2.5874995 2.5874995 2.7573738 2.7445227 3.0297492 3.7445433 3.7322835 3.6986195 4.1129790 
Mph_Mph_scaf_44449-0_0                 0.4343593 0.9213282 0.0000000 0.7181731 0.8032273 2.4681409 2.4681409 2.6258776 3.0549027 2.5261393 3.6403280 3.3723419 3.1701536 3.8167229 
Mph_Mph_scaf_62139-0_4                 0.5547515 0.7744952 0.7181731 0.0000000 0.6776948 2.7220664 2.7220664 2.6663406 2.9455647 3.0257149 3.3095466 3.3754175 3.3087931 3.4718017 
Mph_Mph_scaf_22824-0_28                0.7383283 0.3954489 0.8032273 0.6776948 0.0000000 3.0097282 3.0097282 2.6024611 3.0141167 3.0182775 3.6168404 3.7306840 3.8971609 3.4836105 
Argopecten_irradians_XP_069134776_1    2.6525623 2.5874995 2.4681409 2.7220664 3.0097282 0.0000000 0.0000010 2.9744162 3.8792276 4.5459939 4.2887531 4.4221261 3.9425108 4.6259180 
Argopecten_irradians_XP_069134775_1    2.6525623 2.5874995 2.4681409 2.7220664 3.0097282 0.0000010 0.0000000 2.9744162 3.8792276 4.5459939 4.2887531 4.4221261 3.9425108 4.6259180 
Saccostrea_cuccullata_XP_062568460_1   2.7293345 2.7573738 2.6258776 2.6663406 2.6024611 2.9744162 2.9744162 0.0000000 3.8392956 4.7431775 3.5234446 3.9248785 3.2923562 4.3761158 
Ylistrum_balloti_XP_060072051_1        3.0486829 2.7445227 3.0549027 2.9455647 3.0141167 3.8792276 3.8792276 3.8392956 0.0000000 3.4216494 2.9262652 3.5358236 4.6819739 2.0273952 
Ostrea_edulis_XP_056022124_1           2.7055265 3.0297492 2.5261393 3.0257149 3.0182775 4.5459939 4.5459939 4.7431775 3.4216494 0.0000000 3.6493011 4.5049886 4.0662027 3.5161079 
Ostrea_edulis_XP_048755536_2           3.5428235 3.7445433 3.6403280 3.3095466 3.6168404 4.2887531 4.2887531 3.5234446 2.9262652 3.6493011 0.0000000 4.8892874 5.0333536 3.1588297 
Magallana_angulata_XP_052701448_1      3.7972487 3.7322835 3.3723419 3.3754175 3.7306840 4.4221261 4.4221261 3.9248785 3.5358236 4.5049886 4.8892874 0.0000000 4.6372223 3.8982719 
Magallana_angulata_XP_052700036_1      3.5081008 3.6986195 3.1701536 3.3087931 3.8971609 3.9425108 3.9425108 3.2923562 4.6819739 4.0662027 5.0333536 4.6372223 0.0000000 4.4965845 
Mizuhopecten_yessoensis_XP_021360283_1 3.7530323 4.1129790 3.8167229 3.4718017 3.4836105 4.6259180 4.6259180 4.3761158 2.0273952 3.5161079 3.1588297 3.8982719 4.4965845 0.0000000 
